#description: use R/T/S to transform radar point p_r into lidar coordinates p_l=R*p_r+T
R: 0.999928203590015 0.00871589120808953 -0.00839663916945459 -0.00835592916262778 0.999089398795111 0.0418719547254224 0.00875287369352932 -0.0417976106721027 0.999088556720780
T: 0.144833392062300 0.00279433365385236 0.135302167277064