S_00: 6.400000000000e+02 4.800000000000e+02
K_00: 332.232689 0.000000 333.058485 0.000000 332.644823 240.998586 0.000000 0.000000 1.000000
D_00: 0.011770 -0.041851 0.000701 -0.000319 0.000000