#description: use R/T/S to transform livox point p_l into camera coordinates p_c=R*p_l+T
R: -0.01783068 -0.99978912  0.01020197 -0.02988329 -0.00966631 -0.99950683 0.99939454 -0.01812658 -0.02970480
T: -0.08032920 0.10752965 -0.06024161