S_00: 6.400000000000e+02 5.120000000000e+02
K_00: 4.7196351324104091e+02 0.0 3.3903066128694218e+02 0.0 4.7248642748309049e+02 2.7774073717116710e+02 0.0 0.0 1.0
D_00: -1.8566954779749040e-01 1.6745260846914475e-01 -1.8122010952647307e-04 8.6534037842673963e-05 -1.0770856460153226e-01