#description: use R/T/S to transform radar point p_r into camera coordinates p_c=R*p_r+T
R: -0.0241851 -0.999665 -0.00925436 0.0404891 0.00826999 -0.999146 0.998887 -0.0245392 0.0402755
T: -0.0248342 0.09583170000000001 0.0268037