#description: use R/T/S to transform livox point p_l into camera coordinates p_c=R*p_l+T
R: -0.01577749 -0.99987429 -0.00055128 -0.00151076  0.00057628 -0.99999762 0.99987328 -0.01577772 -0.00151857
T: -0.17138222 0.09600887 -0.10307939